31873616
141778631
670712
175943
3220261
210385320
212110939
3268304
3183893
209521227
191237956
76007136
1574474
5997137
60914843
59932150
73480487
3505481
126760423
3420522
1271462
23050120
209355834
182946011
212112282
133702459
192726887
133703501
167874159
118997568
210053885
23059719
3232872
3325649
178745134
2111481
3404188
1829389
1228715
3196437
1036664
1096500
20619396
165272
201599
193865705
1570980
3167502
211144223
1459691
211467192
167861492
3409749
8169683
3155786
841863
3231844
189945621
1626290
23060224
187188977
178774696
209444697
209684661
209424496
948260
1037838
210148173
1174883
59920939
99662297
3316253
211625099
3418115
1457739
3253180
638593
3373764
35452600
160426146
1457230
806438
209382705
211582317
178772067
944171
197620740
148697567
12500072
210425627
3144972
1093520
3118380
10866404
3281181
556121
167888364
3146868
133697522
207858068
210693471
3312436
1251094
23059664
517716
126762395
210081248
3423339
31831936
59919584
1821849
3217631
209421069
1087210
59368520
3399998
36379309
1460007
61375
174557531
1456418
292150
102622
238949
3189940
45529
131566862
5582
3140321
1112243
209824195
508355
209372130
1184437
644769
842736
3416078
209625977
187189482
209847841
178753203
210085214
178790937
209592844
209599342
1148405
209634678
209612004
209651076
60912029
209825554
102177568
1291712
209366409
176087
126775513
189386562
209394447
1501973
59922639
1234521
1455948
186139
271652
22991602
1037477
3323445
1165806
209828722
212837313
212266807
3287970
26321493
209860405
211380895
198298062
202896193
3371789
99466570
67045981
141629620
68326457
204865625
167887294
1457691
948248
209895325
3286785
736302
216785
1624430
3313864
576310
1229893
1269227
552964
246227
757554
1299248
210716588
3189653
209380147
59911769
46815276
99442895
3245605
195992510
1464620
580696
1111086
211297377
49990
3351820
74691
10301
209719309
209901192
209531973
210005025
99430451
3244702
712511
428463
390889
46257
261178
866
3460379
59917414
1463485
517625
1458171
1456457
1148324
167878716
209356698
3257018
59995106
2330604
3460412
1122685
666000
211335
328499
634416
694883
582279
513413
434354
193408
948252
1281849
1459994
1275762
75459
1232383
195992042
3298066
194101531
69759687
210451936
210209854
675335
30207595
211262483
210340655
209483338
210069640
68391523
183812572
126233
212122746